0.0    255 255 255   255 255 255   -25
0.30   255 255 255     0 236 236     5
0.35     0 236 236     1 160 246    10
0.40     1 160 246     0   0 246    15
0.45     0   0 246     0 255   0    20
0.50     0 255   0     0 200   0    25
0.55     0 200   0     0 144   0    30
0.60     0 144   0   255 255   0    35
0.65   255 255   0   231 192   0    40
0.70   231 192   0   255 144   0    45
0.749  255 144   0   255   0   0    49
0.75   255   0   0   255   0   0    50
0.80   255   0   0   214   0   0    55
0.85   214   0   0   192   0   0    60
0.90   192   0   0   255   0 255    65
0.95   255   0 255   153  85 201    70
1.00   153  85 201   255 255 255    75

